============================== Стаксели ==============================
244 245 246 247 248 249 250 251 252 253 254 255 256 257 258 259 260 261 262 263 264 265 266 267 268 269 270 271 272 273 274 275 276 277 278 279 280 281 282 283 284 285 286 287 288 289 290 291 292
  0   0   0   0   0   0   0   0   0   0   0   0   0   0   0   0   0   0   0   0   0   0   0   0   0   0   0   0   1   0   0   0   0   0   0   0   0   0   0   0  -1   0   0   0   0   0   0   0   0
  1   1  -1   1  -1  -1  -1   1   1  -1  -1   1   1  -1   1   1   1   1  -1  -1  -1   1   1   1   1   1   1   1  -1   1   1   1   1   1   1   1   1   1   1  -1  -1  -1  -1  -1  -1  -1  -1   1  -1
============================== Блоки ==============================
244 245 246 247 248 249 250 251 252 253 254 255 256 257 258 259 260 261 262 263 264 265 266 267 268 269 270 271 272 273 274 275 276 277 278 279 280 281 282 283 284 285 286 287 288 289 290 291 292
  0   0   0   0   0   0   0   0   0   0   0   0   0   0   0   0   0   0   0   0   0   0   0   0   0   0   0   0   0   0   0   0   0   0   0   0  -1   0   0   0   0   0   0   1   0   0   0   0   0
 -1   1   1   1   1   1  -1  -1   1  -1  -1   1  -1  -1   1   1   1  -1  -1  -1   1   1  -1  -1  -1  -1  -1  -1  -1   1  -1  -1  -1  -1  -1  -1   1  -1  -1  -1  -1  -1  -1   1   1   1   1  -1  -1
============================== Парусность судов ==============================
244 245 246 247 248 249 250 251 252 253 254 255 256 257 258 259 260 261 262 263 264 265 266 267 268 269 270 271 272 273 274 275 276 277 278 279 280 281 282 283 284 285 286 287 288 289 290 291 292
  0   0   0   0   0   0   0   0   0   0   0   0   0   0   0   0   0   0   0   0   0   0   0   0   0   0   0   0   0   0   0   0   0   0   0   0   1   0   0   0   0   0   0  -1   0   0   0   0   0
  1  -1  -1  -1  -1  -1   1   1  -1   1   1  -1   1   1  -1  -1  -1   1   1   1  -1  -1   1   1   1   1  -1   1   1  -1   1   1   1   1   1   1   1   1   1   1   1   1   1   1  -1  -1  -1   1   1
============================== Бизань ==============================
244 245 246 247 248 249 250 251 252 253 254 255 256 257 258 259 260 261 262 263 264 265 266 267 268 269 270 271 272 273 274 275 276 277 278 279 280 281 282 283 284 285 286 287 288 289 290 291 292
  0   0   0   0   0   0   0   0   0   0   1   0   0   0   0   0   0   0   0   0   0   0   0   0   0   0   0   0   0   0   0   0   0   0   0   0   0   0   0   0  -1   0   0   0   0   0   0   0   0
  1   1   1   1  -1  -1  -1  -1   1  -1   1   1   1   1   1   1   1   1   1   1   1   1   1   1   1   1   1   1   1   1   1   1   1   1   1  -1   1   1   1  -1   1  -1  -1  -1   1   1   1   1  -1
============================== Паруса между мачтами ==============================
244 245 246 247 248 249 250 251 252 253 254 255 256 257 258 259 260 261 262 263 264 265 266 267 268 269 270 271 272 273 274 275 276 277 278 279 280 281 282 283 284 285 286 287 288 289 290 291 292
  0   0   0   0   0   0   0   0   0   0   0   0   0   0   0   0   0   0   0   0   0   0   1   0   0   0   0   0   0   0   0   0   0   0   0   0   0   0   0   0  -1   0   0   0   0   0   0   0   0
  1   1   1   1  -1  -1  -1  -1   1  -1  -1   1   1   1   1   1   1  -1  -1  -1   1   1   1   1   1   1   1   1   1   1   1   1   1   1  -1   1   1   1   1   1   1  -1  -1  -1  -1  -1   1   1  -1
============================== Блинд ==============================
244 245 246 247 248 249 250 251 252 253 254 255 256 257 258 259 260 261 262 263 264 265 266 267 268 269 270 271 272 273 274 275 276 277 278 279 280 281 282 283 284 285 286 287 288 289 290 291 292
  0   0   0   0   0   0   0   0   0   0   0   0   0   0   0   0   0   0   0   1   0   0   0   0   0   0   0   0   0   0   0   0   0   0   0   0   0   0   0   0   0  -1   0   0   0   0   0   0   0
  1   1   1   1   1  -1   1  -1   1   1   1   1   1   1   1   1   1   1   1   1   1   1  -1   1   1   1   1   1   1   1   1   1   1   1   1  -1   1   1   1   1  -1   1  -1   1   1  -1   1   1  -1
============================== Фок ==============================
244 245 246 247 248 249 250 251 252 253 254 255 256 257 258 259 260 261 262 263 264 265 266 267 268 269 270 271 272 273 274 275 276 277 278 279 280 281 282 283 284 285 286 287 288 289 290 291 292
  1   0   0   0   0   0   0   0   0   0   0   0   0   0   0   0   0   0   0   0   0   0   0   0   0   0   0   0   0   0   0   0   0   0   0   0   0   0   0   0  -1   0   0   0   0   0   0   0   0
 -1   1   1   1   1  -1  -1   1   1  -1   1   1   1   1   1   1   1   1   1   1   1   1   1   1   1   1   1   1   1   1   1   1   1   1   1   1   1   1   1  -1  -1  -1  -1   1   1  -1   1   1  -1
============================== Снасти ==============================
244 245 246 247 248 249 250 251 252 253 254 255 256 257 258 259 260 261 262 263 264 265 266 267 268 269 270 271 272 273 274 275 276 277 278 279 280 281 282 283 284 285 286 287 288 289 290 291 292
  0   0   0   0   0   0   0   0   0   0   0   0   0   0   0   0   0   0   0   0   0   0   0   0   0   0   0   0   0   0   0   0   0   0   0   0   0   0   0   0   0   1   0  -1   0   0   0   0   0
 -1  -1  -1  -1  -1   1  -1   1  -1  -1   1  -1  -1  -1  -1  -1  -1  -1   1  -1  -1  -1  -1  -1  -1  -1  -1  -1  -1  -1  -1  -1  -1  -1  -1   1   1  -1  -1   1   1  -1   1  -1  -1  -1  -1  -1   1
